

  Columns 1 through 5

          314.280095216362           3.3928773106954          224035361.781856           99.218160320751         0.723921666736586

  Columns 6 through 10

          5.77809716079108          753.856074373277          494.808228763315          759.969019697268          175.110836442129

  Columns 11 through 15

           155.15902760648          297.498816510754          15.1629672874702          330.365714424776           567.22913437282

  Columns 16 through 20

          157.880245038553          207.548361465504          8437.65990605982          1211.55364816675          1181.78961480715

  Columns 21 through 25

           1026.6801481532          246.578612607786          5996.83100916889          3354.17084714692          1781.22308401169

  Columns 26 through 30

            17510.79261702         0.153400231163663          100.164493578608          10842.7661258131          157.260596804706

  Columns 31 through 35

          1087.13961030834          133.397826966883          2.30431647113027          2.30578836817143          2.31324375531036

  Columns 36 through 40

          2.30454867188579          2.30629337689084          2.30530199258594          2.30676861177353           2.3047001643571

  Columns 41 through 45

          2.30448189078113          2.31100143665435          2.70275314090189          2.65309933267058          2.69877844327101

  Columns 46 through 50

          2.69457010808541          2.69735894259212          2.68869826127851          2.69684940196387          2.71422958770738

  Columns 51 through 55

          2.69066761418123          2.81645964934445          60.6389084420818          62.8197456611548          82.7137827566739

  Columns 56 through 60

          146.295783571472          192.621488783486          121.690938048435           74.386359432467          73.1898447412397

  Columns 61 through 65

          76.8616345504463          78.9354243593518          942.695099136884          45.3001832363766          90.6792915850227

  Columns 66 through 70

          67.7039420500443          1.33783818183834          2074.64652031591          387.185131142654          1699.71714029305

  Columns 71 through 75

          3262.00856250962          33611.8725300775          108252.133604072          110405.447883776          98303.2054068097

  Columns 76 through 80

           82493.577379094          75858.4105506921          70558.2718917805          93257.8213523557          14377.3638377547

  Columns 81 through 85

          176.231271310267         0.611295644659181        0.0760143091902338          6414.84326264156           897.96934236087

  Columns 86 through 90

          21641.5636484372          1707.55652067525          68435.2269818849          11733.7651955508          332613.227363192

  Columns 91 through 95

          7166.98727763811          59.2764217975091          38.1907603812338      3.17522962077161e-05          19628.0285254381

  Columns 96 through 100

          52045.2020041525          54571.5822090667          46.4972693222829          30.9492990081838          1579.42346005534

  Columns 101 through 105

          2862.29321864997          1562.03753143321          1167.09334036381          577.205160690689          776.685620618113

  Columns 106 through 110

          658.160797597313          1841.27661698929          2520.52996709074          138.592030317228          168.636577067409

  Columns 111 through 115

          160.872449069395         0.534775802865863          899.636365801114          14.7680395330537          64.3211310283724

  Columns 116 through 120

          127.262822068805          191.423560447953          229.507163563814          306.450318878198           26.509210982743

  Columns 121 through 125

          43.2526716875966          199.409921578542          212.759252263405          90.5236438235383          320.017972500652

  Columns 126 through 130

          201435.436387194          265396.955442424          9.70039529112928          1686.04383290218          11.6334396714352

  Columns 131 through 135

          15.9683826587032          107504.999332185          31.9017024426827          122.306988127151          4996.13275644289

  Columns 136 through 140

          1221.02162199958          6214.29349465809          49584.6461305536          51.4141385037493          4837.24000558043

  Columns 141 through 145

          91.4007634187275          4458.03628788561          329.408093338976          1197.17995414394           946.91559055459

  Columns 146 through 150

          10678948.9458869          21185.7436644601          4498.28487167907          645.038703463046          1570072.66382122

  Columns 151 through 155

          86258.9255616348          300503.230257213          5416.59069533204         0.244895770567607           1.2331151346681

  Columns 156 through 160

          30598728.3212181           128.77674060185           120.78626946349          1.24320938572098          1.24360737681929

  Columns 161 through 165

          1.24007507826811          1.24840692238693          1.24139036983172          1.24373476297467          1.24273531592918

  Columns 166 through 170

          1.24149433802866          1.24179599279944          1.25593751718448         0.136550407439195         0.272907954620375